   4.1120e-06   3.8446e-07   7.9750e-09   5.1149e-08   1.4624e-08  -1.8163e-07  -1.6169e-07   1.6820e-07   2.0896e-07  -8.3055e-08   6.3289e-08  -3.3469e-08  -3.5159e-07   1.8177e-07  -6.4573e-08   2.5828e-08  -5.4421e-07   6.1772e-08  -8.9073e-08   1.8064e-07   4.1664e-08  -1.5266e-07  -8.5728e-07   1.7492e-08
   3.8446e-07   9.2799e-06  -2.1271e-08  -4.3315e-08   6.9856e-08  -1.8504e-08   2.7224e-07  -1.6012e-07   1.6048e-07   3.2002e-08  -1.4424e-07   4.6946e-08  -2.1196e-07   1.0817e-07   6.1423e-10  -1.5339e-07   5.0812e-07  -2.6354e-07   1.7574e-08  -4.8211e-08   1.2432e-07  -5.6242e-07  -3.3769e-07   8.3236e-08
   7.9750e-09  -2.1271e-08  -1.8316e-06   6.6163e-10   8.7488e-09  -2.9544e-08  -2.5660e-08   1.2654e-08  -1.8031e-08   9.1096e-09  -3.8452e-08   1.6740e-08  -1.5242e-08   1.0594e-08   4.3464e-08  -4.6094e-08   2.7200e-08  -5.2879e-08   2.5466e-08  -3.4458e-08   4.8952e-09   2.2406e-08   2.0204e-08   7.0146e-09
   5.1149e-08  -4.3315e-08   6.6163e-10  -1.4148e-06  -1.2962e-07  -7.4784e-08  -9.3439e-08   1.0917e-08   6.8885e-08   3.8485e-08  -7.4129e-08   3.0319e-08   1.0894e-07  -5.5777e-08  -1.0447e-07   1.2404e-07   7.6292e-08  -8.6256e-08  -4.3152e-09   1.2398e-08  -5.4940e-08  -1.0993e-07  -5.3187e-07   7.5195e-08
   1.4624e-08   6.9856e-08   8.7488e-09  -1.2962e-07   2.2372e-06  -8.5865e-08  -2.5162e-07   5.1218e-08  -7.4933e-08  -7.9760e-09  -2.6094e-07   9.8116e-08   1.7186e-07  -9.1282e-08   4.2942e-07   3.3869e-08  -4.1591e-08   1.5113e-07   7.3824e-08  -1.1792e-07   9.6237e-08  -5.8388e-08  -7.9435e-08   3.4392e-07
  -1.8163e-07  -1.8504e-08  -2.9544e-08  -7.4784e-08  -8.5865e-08   1.8010e-05   4.3741e-08  -6.5954e-08   1.3298e-07  -7.5153e-08   2.7040e-07  -1.0938e-07  -8.4326e-07   3.8558e-07  -7.2545e-07  -1.0304e-07  -3.3567e-07  -3.0124e-08  -3.2382e-08  -6.1669e-09   3.5131e-07   1.5253e-08   1.3819e-06   1.7274e-07
  -1.6169e-07   2.7224e-07  -2.5660e-08  -9.3439e-08  -2.5162e-07   4.3741e-08   9.2529e-06  -3.9507e-07   8.1680e-08  -2.0481e-07  -1.5970e-07   3.1744e-08   4.9938e-07  -3.0473e-07   6.5454e-07  -4.2375e-07   3.8915e-07   4.3001e-07  -1.7075e-07   2.7864e-07  -6.3346e-08  -1.0323e-07   3.6504e-07   8.6233e-08
   1.6820e-07  -1.6012e-07   1.2654e-08   1.0917e-08   5.1218e-08  -6.5954e-08  -3.9507e-07   3.7523e-07  -8.8884e-08   9.7775e-08   3.9425e-08  -8.2295e-09   5.1526e-08  -2.8762e-08  -7.1379e-08  -1.5824e-07  -2.7332e-07   3.7112e-08  -1.5534e-08   3.9486e-08  -8.9614e-08   8.5923e-08  -4.2273e-07   5.8213e-08
   2.0896e-07   1.6048e-07  -1.8031e-08   6.8885e-08  -7.4933e-08   1.3298e-07   8.1680e-08  -8.8884e-08   1.0904e-06  -2.9363e-08  -6.3179e-09   1.3108e-08  -8.7145e-08   4.4593e-08  -4.3337e-08  -1.6474e-07   3.1517e-07  -2.6033e-07  -7.5024e-08   1.2897e-07   1.4511e-07  -1.0524e-07   4.1522e-08   2.1685e-07
  -8.3055e-08   3.2002e-08   9.1096e-09   3.8485e-08  -7.9760e-09  -7.5153e-08  -2.0481e-07   9.7775e-08  -2.9363e-08   3.3066e-07  -3.9020e-08   1.5157e-09  -9.9866e-08   5.1909e-08   2.0517e-07  -1.4780e-08   6.3914e-08  -6.9267e-08  -1.7175e-08   3.9319e-08   8.9958e-09  -8.6605e-09  -3.1379e-07   8.5698e-08
   6.3289e-08  -1.4424e-07  -3.8452e-08  -7.4129e-08  -2.6094e-07   2.7040e-07  -1.5970e-07   3.9425e-08  -6.3179e-09  -3.9020e-08   1.4290e-06  -2.0953e-07   1.4133e-08  -9.7732e-09   1.2508e-07  -1.5491e-07   7.9443e-08  -2.9700e-07   2.9495e-08  -1.4050e-08   1.6575e-07  -1.8595e-07   3.6932e-07  -3.9967e-07
  -3.3469e-08   4.6946e-08   1.6740e-08   3.0319e-08   9.8116e-08  -1.0938e-07   3.1744e-08  -8.2295e-09   1.3108e-08   1.5157e-09  -2.0953e-07  -1.9874e-06  -3.7710e-08   2.1458e-08  -2.9097e-08   6.4961e-08  -6.2293e-08   1.3471e-07  -2.7912e-08   3.3095e-08  -2.9398e-08   1.9350e-08  -9.6960e-08   1.0843e-07
  -3.5159e-07  -2.1196e-07  -1.5242e-08   1.0894e-07   1.7186e-07  -8.4326e-07   4.9938e-07   5.1526e-08  -8.7145e-08  -9.9866e-08   1.4133e-08  -3.7710e-08   4.8979e-06  -2.7210e-06   3.6535e-07  -9.3663e-08  -2.1553e-07  -2.6795e-07  -8.5529e-08   1.4893e-07   5.8851e-07  -5.2283e-07   4.9437e-07  -2.3595e-07
   1.8177e-07   1.0817e-07   1.0594e-08  -5.5777e-08  -9.1282e-08   3.8558e-07  -3.0473e-07  -2.8762e-08   4.4593e-08   5.1909e-08  -9.7732e-09   2.1458e-08  -2.7210e-06  -4.8639e-07  -2.5109e-07   6.2967e-08   7.1360e-08   1.2534e-07   5.2700e-08  -8.3704e-08  -3.3582e-07   2.8670e-07  -2.8413e-07   1.2949e-07
  -6.4573e-08   6.1423e-10   4.3464e-08  -1.0447e-07   4.2942e-07  -7.2545e-07   6.5454e-07  -7.1379e-08  -4.3337e-08   2.0517e-07   1.2508e-07  -2.9097e-08   3.6535e-07  -2.5109e-07   1.3725e-05  -2.5336e-06  -4.6930e-07   1.5134e-06  -4.2110e-08   6.3025e-08  -1.4792e-07  -2.8148e-08   3.9829e-07  -4.6898e-07
   2.5828e-08  -1.5339e-07  -4.6094e-08   1.2404e-07   3.3869e-08  -1.0304e-07  -4.2375e-07  -1.5824e-07  -1.6474e-07  -1.4780e-08  -1.5491e-07   6.4961e-08  -9.3663e-08   6.2967e-08  -2.5336e-06   1.3835e-05  -3.9725e-07  -6.5228e-08  -9.3518e-08   1.4008e-07  -3.3201e-08   5.6137e-07  -4.9472e-07  -2.5614e-07
  -5.4421e-07   5.0812e-07   2.7200e-08   7.6292e-08  -4.1591e-08  -3.3567e-07   3.8915e-07  -2.7332e-07   3.1517e-07   6.3914e-08   7.9443e-08  -6.2293e-08  -2.1553e-07   7.1360e-08  -4.6930e-07  -3.9725e-07   2.7022e-05  -5.6056e-06   1.2862e-07  -2.1946e-07   3.7683e-07  -1.8551e-07  -1.9927e-06   1.6440e-07
   6.1772e-08  -2.6354e-07  -5.2879e-08  -8.6256e-08   1.5113e-07  -3.0124e-08   4.3001e-07   3.7112e-08  -2.6033e-07  -6.9267e-08  -2.9700e-07   1.3471e-07  -2.6795e-07   1.2534e-07   1.5134e-06  -6.5228e-08  -5.6056e-06   1.3238e-05   2.9764e-08  -4.8899e-08  -5.3835e-07  -2.7625e-07   1.3631e-06  -6.5563e-07
  -8.9073e-08   1.7574e-08   2.5466e-08  -4.3152e-09   7.3824e-08  -3.2382e-08  -1.7075e-07  -1.5534e-08  -7.5024e-08  -1.7175e-08   2.9495e-08  -2.7912e-08  -8.5529e-08   5.2700e-08  -4.2110e-08  -9.3518e-08   1.2862e-07   2.9764e-08  -1.2264e-06  -9.5168e-07   3.1322e-08   1.7709e-07   3.7301e-07   9.7938e-08
   1.8064e-07  -4.8211e-08  -3.4458e-08   1.2398e-08  -1.1792e-07  -6.1669e-09   2.7864e-07   3.9486e-08   1.2897e-07   3.9319e-08  -1.4050e-08   3.3095e-08   1.4893e-07  -8.3704e-08   6.3025e-08   1.4008e-07  -2.1946e-07  -4.8899e-08  -9.5168e-07   1.0542e-06  -5.7745e-08  -3.4014e-07  -7.1603e-07  -1.5968e-07
   4.1664e-08   1.2432e-07   4.8952e-09  -5.4940e-08   9.6237e-08   3.5131e-07  -6.3346e-08  -8.9614e-08   1.4511e-07   8.9958e-09   1.6575e-07  -2.9398e-08   5.8851e-07  -3.3582e-07  -1.4792e-07  -3.3201e-08   3.7683e-07  -5.3835e-07   3.1322e-08  -5.7745e-08   5.2086e-06  -3.7557e-07   2.3543e-07  -2.7596e-07
  -1.5266e-07  -5.6242e-07   2.2406e-08  -1.0993e-07  -5.8388e-08   1.5253e-08  -1.0323e-07   8.5923e-08  -1.0524e-07  -8.6605e-09  -1.8595e-07   1.9350e-08  -5.2283e-07   2.8670e-07  -2.8148e-08   5.6137e-07  -1.8551e-07  -2.7625e-07   1.7709e-07  -3.4014e-07  -3.7557e-07   4.6945e-06   4.5695e-07   2.3622e-07
  -8.5728e-07  -3.3769e-07   2.0204e-08  -5.3187e-07  -7.9435e-08   1.3819e-06   3.6504e-07  -4.2273e-07   4.1522e-08  -3.1379e-07   3.6932e-07  -9.6960e-08   4.9437e-07  -2.8413e-07   3.9829e-07  -4.9472e-07  -1.9927e-06   1.3631e-06   3.7301e-07  -7.1603e-07   2.3543e-07   4.5695e-07   3.0216e-05  -5.8570e-06
   1.7492e-08   8.3236e-08   7.0146e-09   7.5195e-08   3.4392e-07   1.7274e-07   8.6233e-08   5.8213e-08   2.1685e-07   8.5698e-08  -3.9967e-07   1.0843e-07  -2.3595e-07   1.2949e-07  -4.6898e-07  -2.5614e-07   1.6440e-07  -6.5563e-07   9.7938e-08  -1.5968e-07  -2.7596e-07   2.3622e-07  -5.8570e-06   1.1251e-05

